%YAML:1.0


cam0:
  T_cam_imu:
    - [-0.029461581021901773, 0.9995659133640458, 9.186392158799794e-06, -0.018430661108345146]
    - [-0.8871893200639549, -0.026153584794430307, 0.46066376063985875, 0.02584191314464873]
    - [0.4604640329147831, 0.013563732638931958, 0.8875747289939886, -0.07053572171584267]
    - [0.0, 0.0, 0.0, 1.0]
  cam_overlaps: []
  camera_model: pinhole
  distortion_coeffs: [0.3466528215078364, -0.027072464886171734, 0.47177925706770873, -0.5331003675585098]
  distortion_model: equidistant
  intrinsics: [560.3381604835715, 558.2824156464382, 631.464525836575, 424.9856661247666]
  resolution: [1280, 800]
  rostopic: /Primary_color
  timeshift_cam_imu: 0.0034484991478857616
